$ANSIBLE_VAULT;1.1;AES256
66393634656338383630303333613565313661356434353234633363376634323636636236353734
3530633236653439323066343866626662326431356234390a323332663763343733623261626666
39336364383635616237316333393031333336373832363962656337326430613764336364353936
6139626366646131390a623834313432306232376132613130303961643965353165346366356134
36333437373633626332313165653337346361643239333335376536323366333966656362623663
33623065356166373837653632643164646535666332666463306265303333393661653739613565
61386435363431653432333532326638303631633033356661613939343437396563386436616138
66353365653962343166373635383864323766306362333935656231616331396633373033333432
64653734383531663835316563383038336365383737316464643466353339393638336263373839
39316336336566303131636631623137656165393930366335326165666534626363636536393230
36396635616263396337666164313161653738663139363135336339346534326462653864346562
31306232353430343131663464663230633530663739373730393533386466333361363236346266
33323535653765626134353863333432316265343932643138383435633437373562363662303037
63313531616339326438636539643631376439346535353763353664363066396464373365646534
35383639626534383533376433336333353338373461633735383237323936646632666537373461
66303261306463366232616233396438663961386163613439666330336665363434343261393063
36323635353830653435336665376534633065333863613732366236316161616535333563393262
39363639663634633531393134633935336534343632636238306134326134343430346238376563
34666262656437396461633330653663303635356163326538366165336439313236363435386532
66363963353331353236646137356338636139376563353937373765393934666362356238303564
62663461636437333334373935613564386632356531663939343338653431306639613335396263
64383935613931386538663366346233333462363232616562313962313739333835303437363538
35613437653464626433333538323264643164643662356233306365663164396565393062613863
36383865663230653735303664656436326536323639646665363936656537366438343931383361
35373130356238336166656538626339646431326565326232653064623732623331
