$ANSIBLE_VAULT;1.1;AES256
38613161663061303061386239313564393965643637353662346364386635626233653237626639
6638636636613536656364323437323166336665363661300a666363353130383161326231356237
37333566666561653236653737313264646332326662616631623761393538633465366136393362
3336326430653634360a623966643736326235303232326361663238356432353661313966313231
36306535366266303637663030616163633433656162383231646465333435383861626636633863
61613534383966613961396330333133633661393630396465303836313834633135343066613436
35343231373338343465646436376161346533313433333963356330356237393436626133306535
30646261646165363764333532613064623964353564333635663234363562646634373739323565
36623531353432383366343730313662613561326337343066336630316163356439653233616430
32353135623964396537373461393136373239353730626461613737306663326662613834666335
30333866646630316637303365663561386132356436316566393434306537626531303239303532
64313131653465373432613665333161393362643935316563613131613762613639656438343432
65653235666533373964386565393431366565356632656462303863623765646436366437363264
31643336323838326466396131666261616134663963333762366262663033396130316237373265
33613462363362646632646333663037336566316639333834366234343262346535396331383566
64353162626131623232326665333065353638643663386162383765313062323237303761393465
65366238316438343965303431313962396139666362633064636366346563323234353162346138
66666162636463366135613061323034346135626363336132383766323162356131636338333435
30353963356366353336633664326538376334376433333632613833383330656564303933333765
63653133343430613633353731623234333933313131393665333034313237326333356562316564
63653237633037663538626436646661303333366661343366643532373234353263633339346531
32346162336636333662363639326264373364643266373534653435303265336634346166383536
39383934313839373431653161386134613961306461306431396137303332623062396130336538
36646631636433326665313366383462623838353065613236663238373563316464663936646531
61316238336162626131646334396436323938646135663033383661346464623862626430343439
35353861346166306135363765333137373066343133656462646138313663313332316262316637
36643564353261376335663464353435303831663961353237396566373762353730303036636434
33653163356166373239313534376364306538313238323361666563356637393032303537353266
31613032336164343562373862356538396434366361353739636361613132383331313262313533
64303765383732316566633566393831313263313261323965663034313533653865393231343564
64386635366639363930333761643763346632326239613633663632656534623135333563363966
36633839343961646532636261646234653737303166333765363262303565643262323238383933
33366139663438363536373536666630383365623462353262353461373065633431393330643834
32653938356130323830356365333432626136373333396139383564353161616539643265653539
63626166396239656439313633356638326635656538613636623765663930396363333661316365
61313665396132366562623238393866313164633332303463383737376434363666656637353435
34376161663736353761626532616166343139333934646534393838613832653430333435343232
63613761376236643364646564303761326633623532353162646662356235353139333937343265
35383439633166383961623133336263613234303163663432353739373737323234373765313534
31356663343034376637613138613463613534306532393865346239333263353866376539346239
38313561626133373765306161663332626430383136303564663334373763623430373233363265
35353433633963306662323730396462303130353365313064346330303061663162353630626231
64643631356139366561353234663463383037633539613737343133343337663931643865316631
30666434653636373238643063323462363934666338663762346330336333353539363636663561
62393132646461613730663361376663326332326466363666626237623335306361383932373538
32656436343564656438393365653765636161626634623431396334643232626664356439643032
36626531336365316562656438666661633535616230373735633633666537333661633665633931
39343030333163366131
