$ANSIBLE_VAULT;1.1;AES256
39636537653465613931663766356561636238376163336137393733613435626564656132666539
3138346630643634373366646465373930376663363431380a353536343363623232303464643031
61663235373133353135613132326631393331353235313633613631653437363937363161366565
3036643336393137630a333733613965613434396563646462623933643965643933323963356337
31353136306162393431376532616536383437643264623262623030326163386631383262343234
35623837376363626564356537653765663533626363633663326361323039616333656137363931
32663361373039326166376237646466613732313062633339363764373134373663323638613766
65663035333733323663616365376366303334303239306164636435626637656362373036313338
66353839323030346466383733316232333336363963373462346231366561633836373331313065
31326330356461333466386132666634396633323261663439333834396633323162306363356466
65623236646262323132386461393138333036313733336664353663636532643532303636313666
63633764316439353134303631376630336236643833393834626531336330663334653634623733
38346163633235616466616664343038643837666565396132663761343335326332346435386135
32653265626233356261653362353163383932343763303935313837636439623262343239653964
39356564363239396661616237653834353830353961663332396136396361323138333266353334
35356237306233313238396363366235386338333463613138376365616131313465363137303163
34633936666466343632613236333238613630613365636139373737313965616630636539613536
33633437346461393061376662306361393335353736313231316435663065366537323138636537
35373262383736646635373466626135666239313231353439656565646463626662323963333334
62353930323765393132353830386166303039666438376162623366313732303233323132373433
35376232613964613261346630353265613131323137306139613437313930623934383361356663
32306239633863393938663064643930313337656565363232333635613663386264366161313232
63343031343438656533326364393837336231353332643865363462666437643536313037363331
38663362303133653762663062353761643865616165323937316236323131623635336335356531
36373433313962363862626535343538383434303533636137373431356363333335343439646132
64653364343632636461626535643539383964636330356162626334313234653731643563393431
61393064623334346339333365323339633831336330653365303131326136353439313133653762
62356236393031373666633435623538393735323333396633343230313761396465626263356663
38363432303935623038343937333366313833393361623035333136356132633539666337656462
36356338343731613539346532326366633064636465643335376264326133313762623632383439
33313062373138393436306364393463663362393834633530353064353862633931303463326139
64356436353436666237326634393832393638393164646630343332653865333335663137356630
35333962393765656532663466306463613261373139346662396163343034656132643039306664
39353931376163633534633861343039636362353736306231633436353938626239613365643763
33663533646137386262626664326561633033363963353933306665336231306638356662633061
37346433646161623533343535343137326536373630623436356435373236393863353336336631
6138
